16.9
16.9
16.8
16.8
16.9
16.9
16.9
16.9
16.9
17.3
17.0
16.7
16.4
16.3
16.1
15.9
15.8
15.8
16.0
16.3
16.6
16.7
16.8
16.8
16.6
16.6
16.5
16.4
16.3
16.4
16.5
16.5
16.7
17.2
16.8
16.3
15.9
15.6
15.4
15.1
14.9
15.0
15.1
15.7
16.7
17.3
17.2
17.2
17.2
17.2
17.2
17.6
18.4
19.0
18.9
18.0
17.0
16.7
16.4
16.1
15.7
15.5
15.4
15.3
15.3
15.4
15.9
16.2
16.4
16.3
16.5
16.9
17.2
17.1
16.9
17.3
17.8
18.1
17.5
15.9
15.6
15.0
14.7
14.4
14.3
14.2
14.2
14.3
14.5
14.7
15.8
17.1
18.1
17.4
16.7
16.3
16.1
16.1
16.5
16.8
16.7
16.2
16.0
16.0
15.4
14.9
14.6
14.4
14.3
14.2
14.0
14.2
14.4
15.4
16.0
16.5
16.8
16.8
16.5
16.3
16.1
16.0
17.0
18.1
18.0
17.3
16.7
16.4
16.1
15.9
15.7
15.5
15.2
15.1
15.2
15.5
16.1
16.5
16.9
17.2
17.2
17.2
17.2
17.2
17.2
17.2
17.2
17.0
16.9
16.7
16.9
16.3
15.8
15.4
15.1
14.8
14.6
14.3
14.3
14.6
14.9
15.7
16.3
16.5
16.3
16.0
15.9
16.2
16.4
16.1
16.3
16.1
16.1
16.1
16.5
15.8
15.2
14.6
14.0
13.8
14.7
15.2
14.5
15.5
14.9
15.3
15.7
16.2
16.4
16.2
15.9
15.8
16.0
16.2
16.2
16.3
16.1
16.1
16.3
15.6
14.8
14.3
13.7
14.5
15.0
14.9
15.2
15.8
15.0
15.2
15.5
15.9
15.4
15.8
15.8
15.7
15.7
15.7
15.8
15.9
15.9
